78
2
8 90 500
2 180 500
3
1 0 500
9 90 500
3 180 500
3
2 0 500
10 90 500
4 180 500
3
3 0 500
11 90 500
5 180 500
3
4 0 500
12 90 500
6 180 500
3
5 0 500
13 90 500
7 180 500
2
6 0 500
14 90 500
3
15 90 500
9 180 500
1 270 500
8
8 0 500
70 45 500
16 90 500
61 135 207
10 180 500
50 225 500
2 270 500
59 315 354
4
9 0 500
17 90 500
11 180 500
3 270 500
4
10 0 500
18 90 500
12 180 500
3 270 500
4
11 0 500
19 90 500
13 180 500
3 270 500
4
12 0 500
20 90 500
14 180 500
3 270 500
3
13 0 500
21 90 500
3 270 500
3
22 90 500
16 180 500
8 270 500
4
15 0 500
23 90 500
17 180 500
9 270 500
8
16 0 500
72 45 500
24 90 500
63 135 354
18 180 500
52 225 500
10 270 500
61 315 500
4
17 0 500
25 90 500
19 180 500
11 270 500
4
18 0 500
26 90 500
20 180 500
12 270 500
4
19 0 500
27 90 500
21 180 500
13 270 500
3
20 0 500
28 90 500
14 270 500
3
29 90 500
23 180 500
15 270 500
4
22 0 500
30 90 500
24 180 500
16 270 500
4
23 0 500
31 90 500
25 180 500
17 270 500
8
24 0 500
74 45 500
32 90 500
65 135 354
26 180 500
54 225 500
18 270 500
63 315 354
4
25 0 500
33 90 500
27 180 500
19 270 500
4
26 0 500
34 90 500
28 180 500
20 270 500
3
27 0 500
35 90 500
21 270 500
3
36 90 500
30 180 500
22 270 500
4
29 0 500
37 90 500
31 180 500
23 270 500
4
30 0 500
38 90 500
32 180 500
24 270 500
4
31 0 500
39 90 500
33 180 500
25 270 500
8
32 0 500
76 45 500
40 90 500
67 135 500
34 180 500
56 225 500
26 270 500
65 315 354
4
33 0 500
41 90 500
35 180 500
27 270 500
3
34 0 500
42 90 500
28 270 500
3
43 90 500
37 180 500
29 270 500
4
36 0 500
44 90 500
38 180 500
30 270 500
4
37 0 500
45 90 500
39 180 500
31 270 500
4
38 0 500
46 90 500
40 180 500
32 270 500
4
39 0 500
47 90 500
41 180 500
33 270 500
8
40 0 500
78 45 500
48 90 500
69 135 354
42 180 500
58 225 500
34 270 500
67 315 207
3
41 0 500
49 90 500
35 270 500
2
44 180 500
36 270 500
3
43 0 500
45 180 500
37 270 500
3
44 0 500
46 180 500
38 270 500
3
45 0 500
47 180 500
39 270 500
3
46 0 500
48 180 500
40 270 500
3
47 0 500
49 180 500
41 270 500
2
48 0 500
42 270 500
2
9 90 500
51 180 207
3
50 0 207
61 90 500
52 180 500
3
51 0 500
17 90 500
53 180 354
3
52 0 354
63 90 500
54 180 354
3
53 0 354
25 90 500
55 180 354
3
54 0 354
65 90 500
56 180 354
3
55 0 354
66 90 500
57 180 500
3
56 0 500
67 90 500
58 180 207
2
57 0 207
41 90 500
1
9 180 354
0
4
9 0 207
71 90 500
62 180 500
51 270 500
0
4
17 0 354
73 90 500
25 180 354
53 270 500
0
4
25 0 354
75 90 500
33 180 354
55 270 500
0
4
33 0 500
77 90 500
41 180 207
57 270 500
0
1
41 0 354
2
71 180 207
9 270 500
3
70 0 207
72 180 500
61 270 500
3
71 0 500
73 180 354
17 270 500
3
72 0 354
74 180 354
63 270 500
3
73 0 354
75 180 354
25 270 500
3
74 0 354
76 180 354
65 270 500
3
75 0 354
77 180 500
66 270 500
3
76 0 500
78 180 207
67 270 500
2
77 0 207
41 270 500